1 I grass poison 0.7 6.9 45 45 49 49 65 65 45
2 I grass poison 1 13 45 60 62 63 80 80 60
3 I grass poison 2 100 45 80 82 83 100 100 80
4 I fire none 0.6 8.5 45 39 52 43 60 50 65
5 I fire none 1.1 19 45 58 64 58 80 65 80
6 I fire flying 1.7 90.5 45 78 84 78 109 85 100
7 I water none 0.5 9 45 44 48 65 50 64 43
8 I water none 1 22.5 45 59 63 80 65 80 58
9 I water none 1.6 85.5 45 79 83 100 85 105 78
10 I bug none 0.3 2.9 255 45 30 35 20 20 45
11 I bug none 0.7 9.9 120 50 20 55 25 25 30
12 I bug flying 1.1 32 45 60 45 50 90 80 70
13 I bug poison 0.3 3.2 255 40 35 30 20 20 50
14 I bug poison 0.6 10 120 45 25 50 25 25 35
15 I bug poison 1 29.5 45 65 90 40 45 80 75
16 I normal flying 0.3 1.8 255 40 45 40 35 35 56
17 I normal flying 1.1 30 120 63 60 55 50 50 71
18 I normal flying 1.5 39.5 45 83 80 75 70 70 101
19 I normal dark 0.3 3.5 255 30 56 35 25 35 72
20 I normal dark 0.7 18.5 127 55 81 60 50 70 97
21 I normal flying 0.3 2 255 40 60 30 31 31 70
22 I normal flying 1.2 38 90 65 90 65 61 61 100
23 I poison none 2 6.9 255 35 60 44 40 54 55
24 I poison none 3.5 65 90 60 95 69 65 79 80
25 I electric none 0.4 6 190 35 55 40 50 50 90
26 I electric electric 0.8 30 75 60 90 55 90 80 110
27 I ground ice 0.6 12 255 50 75 85 20 30 40
28 I ground ice 1 29.5 90 75 100 110 45 55 65
29 I poison none 0.4 7 235 55 47 52 40 40 41
30 I poison none 0.8 20 120 70 62 67 55 55 56
31 I poison ground 1.3 60 45 90 92 87 75 85 76
32 I poison none 0.5 9 235 46 57 40 40 40 50
33 I poison none 0.9 19.5 120 61 72 57 55 55 65
34 I poison ground 1.4 62 45 81 102 77 85 75 85
35 I fairy none 0.6 7.5 150 70 45 48 60 65 35
36 I fairy none 1.3 40 25 95 70 73 95 90 60
37 I fire ice 0.6 9.9 190 38 41 40 50 65 65
38 I fire ice 1.1 19.9 75 73 76 75 81 100 100
39 I normal fairy 0.5 5.5 170 115 45 20 45 25 20
40 I normal fairy 1 12 50 140 70 45 85 50 45
41 I poison flying 0.8 7.5 255 40 45 35 30 40 55
42 I poison flying 1.6 55 90 75 80 70 65 75 90
43 I grass poison 0.5 5.4 255 45 50 55 75 65 30
44 I grass poison 0.8 8.6 120 60 65 70 85 75 40
45 I grass poison 1.2 18.6 45 75 80 85 110 90 50
46 I bug grass 0.3 5.4 190 35 70 55 45 55 25
47 I bug grass 1 29.5 75 60 95 80 60 80 30
48 I bug poison 1 30 190 60 55 50 40 55 45
49 I bug poison 1.5 12.5 75 70 65 60 90 75 90
50 I ground ground 0.2 0.8 255 10 55 25 35 45 95
51 I ground ground 0.7 33.3 50 35 100 50 50 70 120
52 I normal dark 0.4 4.2 255 40 45 35 40 40 90
53 I normal dark 1 32 90 65 70 60 65 65 115
54 I water none 0.8 19.6 190 50 52 48 65 50 55
55 I water none 1.7 76.6 75 80 82 78 95 80 85
56 I fighting none 0.5 28 190 40 80 35 35 45 70
57 I fighting none 1 32 75 65 105 60 60 70 95
58 I fire none 0.7 19 190 55 70 45 70 50 60
59 I fire none 1.9 155 75 90 110 80 100 80 95
60 I water none 0.6 12.4 255 40 50 40 40 40 90
61 I water none 1 20 120 65 65 65 50 50 90
62 I water fighting 1.3 54 45 90 95 95 70 90 70
63 I psychic none 0.9 19.5 200 25 20 15 105 55 90
64 I psychic none 1.3 56.5 100 40 35 30 120 70 105
65 I psychic none 1.5 48 50 55 50 45 135 95 120
66 I fighting none 0.8 19.5 180 70 80 50 35 35 35
67 I fighting none 1.5 70.5 90 80 100 70 50 60 45
68 I fighting none 1.6 130 45 90 130 80 65 85 55
69 I grass poison 0.7 4 255 50 75 35 70 30 40
70 I grass poison 1 6.4 120 65 90 50 85 45 55
71 I grass poison 1.7 15.5 45 80 105 65 100 70 70
72 I water poison 0.9 45.5 190 40 40 35 50 100 70
73 I water poison 1.6 55 60 80 70 65 80 120 100
74 I rock ground 0.4 20 255 40 80 100 30 30 20
75 I rock ground 1 105 120 55 95 115 45 45 35
76 I rock ground 1.4 300 45 80 120 130 55 65 45
77 I fire psychic 1 30 190 50 85 55 65 65 90
78 I fire psychic 1.7 95 60 65 100 70 80 80 105
79 I water psychic 1.2 36 190 90 65 65 40 40 15
80 I water psychic 1.6 78.5 75 95 75 110 100 80 30
81 I electric steel 0.3 6 190 25 35 70 95 55 45
82 I electric steel 1 60 60 50 60 95 120 70 70
83 I normal flying 0.8 15 45 52 90 55 58 62 60
84 I normal flying 1.4 39.2 190 35 85 45 35 35 75
85 I normal flying 1.8 85.2 45 60 110 70 60 60 110
86 I water none 1.1 90 190 65 45 55 45 70 45
87 I water ice 1.7 120 75 90 70 80 70 95 70
88 I poison poison 0.9 30 190 80 80 50 40 50 25
89 I poison poison 1.2 30 75 105 105 75 65 100 50
90 I water none 0.3 4 190 30 65 100 45 25 40
91 I water ice 1.5 132.5 60 50 95 180 85 45 70
92 I ghost poison 1.3 0.1 190 30 35 30 100 35 80
93 I ghost poison 1.6 0.1 90 45 50 45 115 55 95
94 I ghost poison 1.5 40.5 45 60 65 60 130 75 110
95 I rock ground 8.8 210 45 35 45 160 30 45 70
96 I psychic none 1 32.4 190 60 48 45 43 90 42
97 I psychic none 1.6 75.6 75 85 73 70 73 115 67
98 I water none 0.4 6.5 225 30 105 90 25 25 50
99 I water none 1.3 60 60 55 130 115 50 50 75
100 I electric none 0.5 10.4 190 40 30 50 55 55 100
101 I electric none 1.2 66.6 60 60 50 70 80 80 150
102 I grass psychic 0.4 2.5 90 60 40 80 60 45 40
103 I grass psychic 2 120 45 95 95 85 125 75 55
104 I ground none 0.4 6.5 190 50 50 95 40 50 35
105 I ground fire 1 45 75 60 80 110 50 80 45
106 I fighting none 1.5 49.8 45 50 120 53 35 110 87
107 I fighting none 1.4 50.2 45 50 105 79 35 110 76
108 I normal none 1.2 65.5 45 90 55 75 60 75 30
109 I poison none 0.6 1 190 40 65 95 60 45 35
110 I poison poison 1.2 9.5 60 65 90 120 85 70 60
111 I ground rock 1 115 120 80 85 95 30 30 25
112 I ground rock 1.9 120 60 105 130 120 45 45 40
113 I normal none 1.1 34.6 30 250 5 5 35 105 50
114 I grass none 1 35 45 65 55 115 100 40 60
115 I normal none 2.2 80 45 105 95 80 40 80 90
116 I water none 0.4 8 225 30 40 70 70 25 60
117 I water none 1.2 25 75 55 65 95 95 45 85
118 I water none 0.6 15 225 45 67 60 35 50 63
119 I water none 1.3 39 60 80 92 65 65 80 68
120 I water none 0.8 34.5 225 30 45 55 70 55 85
121 I water psychic 1.1 80 60 60 75 85 100 85 115
122 I psychic fairy 1.3 54.5 45 40 45 65 100 120 90
123 I bug flying 1.5 56 45 70 110 80 55 80 105
124 I ice psychic 1.4 40.6 45 65 50 35 115 95 95
125 I electric none 1.1 30 45 65 83 57 95 85 105
126 I fire none 1.3 44.5 45 65 95 57 100 85 93
127 I bug none 1.5 55 45 65 125 100 55 70 85
128 I normal none 1.4 88.4 45 75 100 95 40 70 110
129 I water none 0.9 10 255 20 10 55 15 20 80
130 I water flying 6.5 235 45 95 125 79 60 100 81
131 I water ice 2.5 220 45 130 85 80 85 95 60
132 I normal none 0.3 4 35 48 48 48 48 48 48
133 I normal none 0.3 6.5 45 55 55 50 45 65 55
134 I water none 1 29 45 130 65 60 110 95 65
135 I electric none 0.8 24.5 45 65 65 60 110 95 130
136 I fire none 0.9 25 45 65 130 60 95 110 65
137 I normal none 0.8 36.5 45 65 60 70 85 75 40
138 I rock water 0.4 7.5 45 35 40 100 90 55 35
139 I rock water 1 35 45 70 60 125 115 70 55
140 I rock water 0.5 11.5 45 30 80 90 55 45 55
141 I rock water 1.3 40.5 45 60 115 105 65 70 80
142 I rock flying 1.8 59 45 80 105 65 60 75 130
143 I normal none 2.1 460 25 160 110 65 65 110 30
144 I ice flying 1.7 55.4 3 90 85 100 95 125 85
145 I electric flying 1.6 52.6 3 90 90 85 125 90 100
146 I fire flying 2 60 3 90 100 90 125 85 90
147 I dragon none 1.8 3.3 45 41 64 45 50 50 50
148 I dragon none 4 16.5 45 61 84 65 70 70 70
149 I dragon flying 2.2 210 45 91 134 95 100 100 80
150 I psychic none 2 122 3 106 110 90 154 90 130
151 I psychic none 0.4 4 45 100 100 100 100 100 100
152 II grass none 0.9 6.4 45 45 49 65 49 65 45
153 II grass none 1.2 15.8 45 60 62 80 63 80 60
154 II grass none 1.8 100.5 45 80 82 100 83 100 80
155 II fire none 0.5 7.9 45 39 52 43 60 50 65
156 II fire none 0.9 19 45 58 64 58 80 65 80
157 II fire none 1.7 79.5 45 78 84 78 109 85 100
158 II water none 0.6 9.5 45 50 65 64 44 48 43
159 II water none 1.1 25 45 65 80 80 59 63 58
160 II water none 2.3 88.8 45 85 105 100 79 83 78
161 II normal none 0.8 6 255 35 46 34 35 45 20
162 II normal none 1.8 32.5 90 85 76 64 45 55 90
163 II normal flying 0.7 21.2 255 60 30 30 36 56 50
164 II normal flying 1.6 40.8 90 100 50 50 86 96 70
165 II bug flying 1 10.8 255 40 20 30 40 80 55
166 II bug flying 1.4 35.6 90 55 35 50 55 110 85
167 II bug poison 0.5 8.5 255 40 60 40 40 40 30
168 II bug poison 1.1 33.5 90 70 90 70 60 70 40
169 II poison flying 1.8 75 90 85 90 80 70 80 130
170 II water electric 0.5 12 190 75 38 38 56 56 67
171 II water electric 1.2 22.5 75 125 58 58 76 76 67
172 II electric none 0.3 2 190 20 40 15 35 35 60
173 II fairy none 0.3 3 150 50 25 28 45 55 15
174 II normal fairy 0.3 1 170 90 30 15 40 20 15
175 II fairy none 0.3 1.5 190 35 20 65 40 65 20
176 II fairy flying 0.6 3.2 75 55 40 85 80 105 40
177 II psychic flying 0.2 2 190 40 50 45 70 45 70
178 II psychic flying 1.5 15 75 65 75 70 95 70 95
179 II electric none 0.6 7.8 235 55 40 40 65 45 35
180 II electric none 0.8 13.3 120 70 55 55 80 60 45
181 II electric none 1.4 61.5 45 90 75 85 115 90 55
182 II grass none 0.4 5.8 45 75 80 95 90 100 50
183 II water fairy 0.4 8.5 190 70 20 50 20 50 40
184 II water fairy 0.8 28.5 75 100 50 80 60 80 50
185 II rock none 1.2 38 65 70 100 115 30 65 30
186 II water none 1.1 33.9 45 90 75 75 90 100 70
187 II grass flying 0.4 0.5 255 35 35 40 35 55 50
188 II grass flying 0.6 1 120 55 45 50 45 65 80
189 II grass flying 0.8 3 45 75 55 70 55 95 110
190 II normal none 0.8 11.5 45 55 70 55 40 55 85
191 II grass none 0.3 1.8 235 30 30 30 30 30 30
192 II grass none 0.8 8.5 120 75 75 55 105 85 30
193 II bug flying 1.2 38 75 65 65 45 75 45 95
194 II water ground 0.4 8.5 255 55 45 45 25 25 15
195 II water ground 1.4 75 90 95 85 85 65 65 35
196 II psychic none 0.9 26.5 45 65 65 60 130 95 110
197 II dark none 1 27 45 95 65 110 60 130 65
198 II dark flying 0.5 2.1 30 60 85 42 85 42 91
199 II water psychic 2 79.5 70 95 75 80 100 110 30
200 II ghost none 0.7 1 45 60 60 60 85 85 85
201 II psychic none 0.5 5 225 48 72 48 72 48 48
202 II psychic none 1.3 28.5 45 190 33 58 33 58 33
203 II normal psychic 1.5 41.5 60 70 80 65 90 65 85
204 II bug none 0.6 7.2 190 50 65 90 35 35 15
205 II bug steel 1.2 125.8 75 75 90 140 60 60 40
206 II normal none 1.5 14 190 100 70 70 65 65 45
207 II ground flying 1.1 64.8 60 65 75 105 35 65 85
208 II steel ground 9.2 400 25 75 85 200 55 65 30
209 II fairy none 0.6 7.8 190 60 80 50 40 40 30
210 II fairy none 1.4 48.7 75 90 120 75 60 60 45
211 II water poison 0.5 3.9 45 65 95 85 55 55 85
212 II bug steel 1.8 118 25 70 130 100 55 80 65
213 II bug rock 0.6 20.5 190 20 10 230 10 230 5
214 II bug fighting 1.5 54 45 80 125 75 40 95 85
215 II dark ice 0.9 28 60 55 95 55 35 75 115
216 II normal none 0.6 8.8 120 60 80 50 50 50 40
217 II normal none 1.8 125.8 60 90 130 75 75 75 55
218 II fire none 0.7 35 190 40 40 40 70 40 20
219 II fire rock 0.8 55 75 60 50 120 90 80 30
220 II ice ground 0.4 6.5 225 50 50 40 30 30 50
221 II ice ground 1.1 55.8 75 100 100 80 60 60 50
222 II water rock 0.6 5 60 65 55 95 65 95 35
223 II water none 0.6 12 190 35 65 35 65 35 65
224 II water none 0.9 28.5 75 75 105 75 105 75 45
225 II ice flying 0.9 16 45 45 55 45 65 45 75
226 II water flying 2.1 220 25 85 40 70 80 140 70
227 II steel flying 1.7 50.5 25 65 80 140 40 70 70
228 II dark fire 0.6 10.8 120 45 60 30 80 50 65
229 II dark fire 1.4 35 45 75 90 50 110 80 95
230 II water dragon 1.8 152 45 75 95 95 95 95 85
231 II ground none 0.5 33.5 120 90 60 60 40 40 40
232 II ground none 1.1 120 60 90 120 120 60 60 50
233 II normal none 0.6 32.5 45 85 80 90 105 95 60
234 II normal none 1.4 71.2 45 73 95 62 85 65 85
235 II normal none 1.2 58 45 55 20 35 20 45 75
236 II fighting none 0.7 21 75 35 35 35 35 35 35
237 II fighting none 1.4 48 45 50 95 95 35 110 70
238 II ice psychic 0.4 6 45 45 30 15 85 65 65
239 II electric none 0.6 23.5 45 45 63 37 65 55 95
240 II fire none 0.7 21.4 45 45 75 37 70 55 83
241 II normal none 1.2 75.5 45 95 80 105 40 70 100
242 II normal none 1.5 46.8 30 255 10 10 75 135 55
243 II electric none 1.9 178 3 90 85 75 115 100 115
244 II fire none 2.1 198 3 115 115 85 90 75 100
245 II water none 2 187 3 100 75 115 90 115 85
246 II rock ground 0.6 72 45 50 64 50 45 50 41
247 II rock ground 1.2 152 45 70 84 70 65 70 51
248 II rock dark 2 202 45 100 134 110 95 100 61
249 II psychic flying 5.2 216 3 106 90 130 90 154 110
250 II fire flying 3.8 199 3 106 130 90 110 154 90
251 II psychic grass 0.6 5 45 100 100 100 100 100 100
252 III grass none 0.5 5 45 40 45 35 65 55 70
253 III grass none 0.9 21.6 45 50 65 45 85 65 95
254 III grass none 1.7 52.2 45 70 85 65 105 85 120
255 III fire none 0.4 2.5 45 45 60 40 70 50 45
256 III fire fighting 0.9 19.5 45 60 85 60 85 60 55
257 III fire fighting 1.9 52 45 80 120 70 110 70 80
258 III water none 0.4 7.6 45 50 70 50 50 50 40
259 III water ground 0.7 28 45 70 85 70 60 70 50
260 III water ground 1.5 81.9 45 100 110 90 85 90 60
261 III dark none 0.5 13.6 255 35 55 35 30 30 35
262 III dark none 1 37 127 70 90 70 60 60 70
263 III normal dark 0.4 17.5 255 38 30 41 30 41 60
264 III normal dark 0.5 32.5 90 78 70 61 50 61 100
265 III bug none 0.3 3.6 255 45 45 35 20 30 20
266 III bug none 0.6 10 120 50 35 55 25 25 15
267 III bug flying 1 28.4 45 60 70 50 100 50 65
268 III bug none 0.7 11.5 120 50 35 55 25 25 15
269 III bug poison 1.2 31.6 45 60 50 70 50 90 65
270 III water grass 0.5 2.6 255 40 30 30 40 50 30
271 III water grass 1.2 32.5 120 60 50 50 60 70 50
272 III water grass 1.5 55 45 80 70 70 90 100 70
273 III grass none 0.5 4 255 40 40 50 30 30 30
274 III grass dark 1 28 120 70 70 40 60 40 60
275 III grass dark 1.3 59.6 45 90 100 60 90 60 80
276 III normal flying 0.3 2.3 200 40 55 30 30 30 85
277 III normal flying 0.7 19.8 45 60 85 60 75 50 125
278 III water flying 0.6 9.5 190 40 30 30 55 30 85
279 III water flying 1.2 28 45 60 50 100 95 70 65
280 III psychic fairy 0.4 6.6 235 28 25 25 45 35 40
281 III psychic fairy 0.8 20.2 120 38 35 35 65 55 50
282 III psychic fairy 1.6 48.4 45 68 65 65 125 115 80
283 III bug water 0.5 1.7 200 40 30 32 50 52 65
284 III bug flying 0.8 3.6 75 70 60 62 100 82 80
285 III grass none 0.4 4.5 255 60 40 60 40 60 35
286 III grass fighting 1.2 39.2 90 60 130 80 60 60 70
287 III normal none 0.8 24 255 60 60 60 35 35 30
288 III normal none 1.4 46.5 120 80 80 80 55 55 90
289 III normal none 2 130.5 45 150 160 100 95 65 100
290 III bug ground 0.5 5.5 255 31 45 90 30 30 40
291 III bug flying 0.8 12 120 61 90 45 50 50 160
292 III bug ghost 0.8 1.2 45 1 90 45 30 30 40
293 III normal none 0.6 16.3 190 64 51 23 51 23 28
294 III normal none 1 40.5 120 84 71 43 71 43 48
295 III normal none 1.5 84 45 104 91 63 91 73 68
296 III fighting none 1 86.4 180 72 60 30 20 30 25
297 III fighting none 2.3 253.8 200 144 120 60 40 60 50
298 III normal fairy 0.2 2 150 50 20 40 20 40 20
299 III rock none 1 97 255 30 45 135 45 90 30
300 III normal none 0.6 11 255 50 45 45 35 35 50
301 III normal none 1.1 32.6 60 70 65 65 55 55 90
302 III dark ghost 0.5 11 45 50 75 75 65 65 50
303 III steel fairy 0.6 11.5 45 50 85 85 55 55 50
304 III steel rock 0.4 60 180 50 70 100 40 40 30
305 III steel rock 0.9 120 90 60 90 140 50 50 40
306 III steel rock 2.1 360 45 70 110 180 60 60 50
307 III fighting psychic 0.6 11.2 180 30 40 55 40 55 60
308 III fighting psychic 1.3 31.5 90 60 60 75 60 75 80
309 III electric none 0.6 15.2 120 40 45 40 65 40 65
310 III electric none 1.5 40.2 45 70 75 60 105 60 105
311 III electric none 0.4 4.2 200 60 50 40 85 75 95
312 III electric none 0.4 4.2 200 60 40 50 75 85 95
313 III bug none 0.7 17.7 150 65 73 75 47 85 85
314 III bug none 0.6 17.7 150 65 47 75 73 85 85
315 III grass poison 0.3 2 150 50 60 45 100 80 65
316 III poison none 0.4 10.3 225 70 43 53 43 53 40
317 III poison none 1.7 80 75 100 73 83 73 83 55
318 III water dark 0.8 20.8 225 45 90 20 65 20 65
319 III water dark 1.8 88.8 60 70 120 40 95 40 95
320 III water none 2 130 125 130 70 35 70 35 60
321 III water none 14.5 398 60 170 90 45 90 45 60
322 III fire ground 0.7 24 255 60 60 40 65 45 35
323 III fire ground 1.9 220 150 70 100 70 105 75 40
324 III fire none 0.5 80.4 90 70 85 140 85 70 20
325 III psychic none 0.7 30.6 255 60 25 35 70 80 60
326 III psychic none 0.9 71.5 60 80 45 65 90 110 80
327 III normal none 1.1 5 255 60 60 60 60 60 60
328 III ground none 0.7 15 255 45 100 45 45 45 10
329 III ground dragon 1.1 15.3 120 50 70 50 50 50 70
330 III ground dragon 2 82 45 80 100 80 80 80 100
331 III grass none 0.4 51.3 190 50 85 40 85 40 35
332 III grass dark 1.3 77.4 60 70 115 60 115 60 55
333 III normal flying 0.4 1.2 255 45 40 60 40 75 50
334 III dragon flying 1.1 20.6 45 75 70 90 70 105 80
335 III normal none 1.3 40.3 90 73 115 60 60 60 90
336 III poison none 2.7 52.5 90 73 100 60 100 60 65
337 III rock psychic 1 168 45 90 55 65 95 85 70
338 III rock psychic 1.2 154 45 90 95 85 55 65 70
339 III water ground 0.4 1.9 190 50 48 43 46 41 60
340 III water ground 0.9 23.6 75 110 78 73 76 71 60
341 III water none 0.6 11.5 205 43 80 65 50 35 35
342 III water dark 1.1 32.8 155 63 120 85 90 55 55
343 III ground psychic 0.5 21.5 255 40 40 55 40 70 55
344 III ground psychic 1.5 108 90 60 70 105 70 120 75
345 III rock grass 1 23.8 45 66 41 77 61 87 23
346 III rock grass 1.5 60.4 45 86 81 97 81 107 43
347 III rock bug 0.7 12.5 45 45 95 50 40 50 75
348 III rock bug 1.5 68.2 45 75 125 100 70 80 45
349 III water none 0.6 7.4 255 20 15 20 10 55 80
350 III water none 6.2 162 60 95 60 79 100 125 81
351 III normal fire 0.3 0.8 45 70 70 70 70 70 70
352 III normal none 1 22 200 60 90 70 60 120 40
353 III ghost none 0.6 2.3 225 44 75 35 63 33 45
354 III ghost none 1.1 12.5 45 64 115 65 83 63 65
355 III ghost none 0.8 15 190 20 40 90 30 90 25
356 III ghost none 1.6 30.6 90 40 70 130 60 130 25
357 III grass flying 2 100 200 99 68 83 72 87 51
358 III psychic none 0.6 1 45 75 50 80 95 90 65
359 III dark none 1.2 47 30 65 130 60 75 60 75
360 III psychic none 0.6 14 125 95 23 48 23 48 23
361 III ice none 0.7 16.8 190 50 50 50 50 50 50
362 III ice none 1.5 256.5 75 80 80 80 80 80 80
363 III ice water 0.8 39.5 255 70 40 50 55 50 25
364 III ice water 1.1 87.6 120 90 60 70 75 70 45
365 III ice water 1.4 150.6 45 110 80 90 95 90 65
366 III water none 0.4 52.5 255 35 64 85 74 55 32
367 III water none 1.7 27 60 55 104 105 94 75 52
368 III water none 1.8 22.6 60 55 84 105 114 75 52
369 III water rock 1 23.4 25 100 90 130 45 65 55
370 III water none 0.6 8.7 225 43 30 55 40 65 97
371 III dragon none 0.6 42.1 45 45 75 60 40 30 50
372 III dragon none 1.1 110.5 45 65 95 100 60 50 50
373 III dragon flying 1.5 102.6 45 95 135 80 110 80 100
374 III steel psychic 0.6 95.2 3 40 55 80 35 60 30
375 III steel psychic 1.2 202.5 3 60 75 100 55 80 50
376 III steel psychic 1.6 550 3 80 135 130 95 90 70
377 III rock none 1.7 230 3 80 100 200 50 100 50
378 III ice none 1.8 175 3 80 50 100 100 200 50
379 III steel none 1.9 205 3 80 75 150 75 150 50
380 III dragon psychic 1.4 40 3 80 80 90 110 130 110
381 III dragon psychic 2 60 3 80 90 80 130 110 110
382 III water none 4.5 352 3 100 100 90 150 140 90
383 III ground none 3.5 950 3 100 150 140 100 90 90
384 III dragon flying 7 206.5 45 105 150 90 150 90 95
385 III steel psychic 0.3 1.1 3 100 100 100 100 100 100
386 III psychic none 1.7 60.8 3 50 150 50 150 50 150
387 IV grass none 0.4 10.2 45 55 68 64 45 55 31
388 IV grass none 1.1 97 45 75 89 85 55 65 36
389 IV grass ground 2.2 310 45 95 109 105 75 85 56
390 IV fire none 0.5 6.2 45 44 58 44 58 44 61
391 IV fire fighting 0.9 22 45 64 78 52 78 52 81
392 IV fire fighting 1.2 55 45 76 104 71 104 71 108
393 IV water none 0.4 5.2 45 53 51 53 61 56 40
394 IV water none 0.8 23 45 64 66 68 81 76 50
395 IV water steel 1.7 84.5 45 84 86 88 111 101 60
396 IV normal flying 0.3 2 255 40 55 30 30 30 60
397 IV normal flying 0.6 15.5 120 55 75 50 40 40 80
398 IV normal flying 1.2 24.9 45 85 120 70 50 60 100
399 IV normal none 0.5 20 255 59 45 40 35 40 31
400 IV normal water 1 31.5 127 79 85 60 55 60 71
401 IV bug none 0.3 2.2 255 37 25 41 25 41 25
402 IV bug none 1 25.5 45 77 85 51 55 51 65
403 IV electric none 0.5 9.5 235 45 65 34 40 34 45
404 IV electric none 0.9 30.5 120 60 85 49 60 49 60
405 IV electric none 1.4 42 45 80 120 79 95 79 70
406 IV grass poison 0.2 1.2 255 40 30 35 50 70 55
407 IV grass poison 0.9 14.5 75 60 70 65 125 105 90
408 IV rock none 0.9 31.5 45 67 125 40 30 30 58
409 IV rock none 1.6 102.5 45 97 165 60 65 50 58
410 IV rock steel 0.5 57 45 30 42 118 42 88 30
411 IV rock steel 1.3 149.5 45 60 52 168 47 138 30
412 IV bug none 0.2 3.4 120 40 29 45 29 45 36
413 IV bug grass 0.5 6.5 45 60 59 85 79 105 36
414 IV bug flying 0.9 23.3 45 70 94 50 94 50 66
415 IV bug flying 0.3 5.5 120 30 30 42 30 42 70
416 IV bug flying 1.2 38.5 45 70 80 102 80 102 40
417 IV electric none 0.4 3.9 200 60 45 70 45 90 95
418 IV water none 0.7 29.5 190 55 65 35 60 30 85
419 IV water none 1.1 33.5 75 85 105 55 85 50 115
420 IV grass none 0.4 3.3 190 45 35 45 62 53 35
421 IV grass none 0.5 9.3 75 70 60 70 87 78 85
422 IV water none 0.3 6.3 190 76 48 48 57 62 34
423 IV water ground 0.9 29.9 75 111 83 68 92 82 39
424 IV normal none 1.2 20.3 45 75 100 66 60 66 115
425 IV ghost flying 0.4 1.2 125 90 50 34 60 44 70
426 IV ghost flying 1.2 15 60 150 80 44 90 54 80
427 IV normal none 0.4 5.5 190 55 66 44 44 56 85
428 IV normal none 1.2 33.3 60 65 76 84 54 96 105
429 IV ghost none 0.9 4.4 45 60 60 60 105 105 105
430 IV dark flying 0.9 27.3 30 100 125 52 105 52 71
431 IV normal none 0.5 3.9 190 49 55 42 42 37 85
432 IV normal none 1 43.8 75 71 82 64 64 59 112
433 IV psychic none 0.2 0.6 120 45 30 50 65 50 45
434 IV poison dark 0.4 19.2 225 63 63 47 41 41 74
435 IV poison dark 1 38 60 103 93 67 71 61 84
436 IV steel psychic 0.5 60.5 255 57 24 86 24 86 23
437 IV steel psychic 1.3 187 90 67 89 116 79 116 33
438 IV rock none 0.5 15 255 50 80 95 10 45 10
439 IV psychic fairy 0.6 13 145 20 25 45 70 90 60
440 IV normal none 0.6 24.4 130 100 5 5 15 65 30
441 IV normal flying 0.5 1.9 30 76 65 45 92 42 91
442 IV ghost dark 1 108 100 50 92 108 92 108 35
443 IV dragon ground 0.7 20.5 45 58 70 45 40 45 42
444 IV dragon ground 1.4 56 45 68 90 65 50 55 82
445 IV dragon ground 1.9 95 45 108 130 95 80 85 102
446 IV normal none 0.6 105 50 135 85 40 40 85 5
447 IV fighting none 0.7 20.2 75 40 70 40 35 40 60
448 IV fighting steel 1.2 54 45 70 110 70 115 70 90
449 IV ground none 0.8 49.5 140 68 72 78 38 42 32
450 IV ground none 2 300 60 108 112 118 68 72 47
451 IV poison bug 0.8 12 120 40 50 90 30 55 65
452 IV poison dark 1.3 61.5 45 70 90 110 60 75 95
453 IV poison fighting 0.7 23 140 48 61 40 61 40 50
454 IV poison fighting 1.3 44.4 75 83 106 65 86 65 85
455 IV grass none 1.4 27 200 74 100 72 90 72 46
456 IV water none 0.4 7 190 49 49 56 49 61 66
457 IV water none 1.2 24 75 69 69 76 69 86 91
458 IV water flying 1 65 25 45 20 50 60 120 50
459 IV grass ice 1 50.5 120 60 62 50 62 60 40
460 IV grass ice 2.2 135.5 60 90 92 75 92 85 60
461 IV dark ice 1.1 34 45 70 120 65 45 85 125
462 IV electric steel 1.2 180 30 70 70 115 130 90 60
463 IV normal none 1.7 140 30 110 85 95 80 95 50
464 IV ground rock 2.4 282.8 30 115 140 130 55 55 40
465 IV grass none 2 128.6 30 100 100 125 110 50 50
466 IV electric none 1.8 138.6 30 75 123 67 95 85 95
467 IV fire none 1.6 68 30 75 95 67 125 95 83
468 IV fairy flying 1.5 38 30 85 50 95 120 115 80
469 IV bug flying 1.9 51.5 30 86 76 86 116 56 95
470 IV grass none 1 25.5 45 65 110 130 60 65 95
471 IV ice none 0.8 25.9 45 65 60 110 130 95 65
472 IV ground flying 2 42.5 30 75 95 125 45 75 95
473 IV ice ground 2.5 291 50 110 130 80 70 60 80
474 IV normal none 0.9 34 30 85 80 70 135 75 90
475 IV psychic fighting 1.6 52 45 68 125 65 65 115 80
476 IV rock steel 1.4 340 60 60 55 145 75 150 40
477 IV ghost none 2.2 106.6 45 45 100 135 65 135 45
478 IV ice ghost 1.3 26.6 75 70 80 70 80 70 110
479 IV electric ghost 0.3 0.3 45 50 50 77 95 77 91
480 IV psychic none 0.3 0.3 3 75 75 130 75 130 95
481 IV psychic none 0.3 0.3 3 80 105 105 105 105 80
482 IV psychic none 0.3 0.3 3 75 125 70 125 70 115
483 IV steel dragon 5.4 683 3 100 120 120 150 100 90
484 IV water dragon 4.2 336 3 90 120 100 150 120 100
485 IV fire steel 1.7 430 3 91 90 106 130 106 77
486 IV normal none 3.7 420 3 110 160 110 80 110 100
487 IV ghost dragon 4.5 750 3 150 100 120 100 120 90
488 IV psychic none 1.5 85.6 3 120 70 120 75 130 85
489 IV water none 0.4 3.1 30 80 80 80 80 80 80
490 IV water none 0.3 1.4 3 100 100 100 100 100 100
491 IV dark none 1.5 50.5 3 70 90 90 135 90 125
492 IV grass grass 0.2 2.1 45 100 100 100 100 100 100
493 IV normal none 3.2 320 3 120 120 120 120 120 120
494 V psychic fire 0.4 4 3 100 100 100 100 100 100
495 V grass none 0.6 8.1 45 45 45 55 45 55 63
496 V grass none 0.8 16 45 60 60 75 60 75 83
497 V grass none 3.3 63 45 75 75 95 75 95 113
498 V fire none 0.5 9.9 45 65 63 45 45 45 45
499 V fire fighting 1 55.5 45 90 93 55 70 55 55
500 V fire fighting 1.6 150 45 110 123 65 100 65 65
501 V water none 0.5 5.9 45 55 55 45 63 45 45
502 V water none 0.8 24.5 45 75 75 60 83 60 60
503 V water none 1.5 94.6 45 95 100 85 108 70 70
504 V normal none 0.5 11.6 255 45 55 39 35 39 42
505 V normal none 1.1 27 255 60 85 69 60 69 77
506 V normal none 0.4 4.1 255 45 60 45 25 45 55
507 V normal none 0.9 14.7 120 65 80 65 35 65 60
508 V normal none 1.2 61 45 85 110 90 45 90 80
509 V dark none 0.4 10.1 255 41 50 37 50 37 66
510 V dark none 1.1 37.5 90 64 88 50 88 50 106
511 V grass none 0.6 10.5 190 50 53 48 53 48 64
512 V grass none 1.1 30.5 75 75 98 63 98 63 101
513 V fire none 0.6 11 190 50 53 48 53 48 64
514 V fire none 1 28 75 75 98 63 98 63 101
515 V water none 0.6 13.5 190 50 53 48 53 48 64
516 V water none 1 29 75 75 98 63 98 63 101
517 V psychic none 0.6 23.3 190 76 25 45 67 55 24
518 V psychic none 1.1 60.5 75 116 55 85 107 95 29
519 V normal flying 0.3 2.1 255 50 55 50 36 30 43
520 V normal flying 0.6 15 120 62 77 62 50 42 65
521 V normal flying 1.2 29 45 80 115 80 65 55 93
522 V electric none 0.8 29.8 190 45 60 32 50 32 76
523 V electric none 1.6 79.5 75 75 100 63 80 63 116
524 V rock none 0.4 18 255 55 75 85 25 25 15
525 V rock none 0.9 102 120 70 105 105 50 40 20
526 V rock none 1.7 260 45 85 135 130 60 80 25
527 V psychic flying 0.4 2.1 190 65 45 43 55 43 72
528 V psychic flying 0.9 10.5 45 67 57 55 77 55 114
529 V ground none 0.3 8.5 120 60 85 40 30 45 68
530 V ground steel 0.7 40.4 60 110 135 60 50 65 88
531 V normal none 1.1 31 255 103 60 86 60 86 50
532 V fighting none 0.6 12.5 180 75 80 55 25 35 35
533 V fighting none 1.2 40 90 85 105 85 40 50 40
534 V fighting none 1.4 87 45 105 140 95 55 65 45
535 V water none 0.5 4.5 255 50 50 40 50 40 64
536 V water ground 0.8 17 120 75 65 55 65 55 69
537 V water ground 1.5 62 45 105 95 75 85 75 74
538 V fighting none 1.3 55.5 45 120 100 85 30 85 45
539 V fighting none 1.4 51 45 75 125 75 30 75 85
540 V bug grass 0.3 2.5 255 45 53 70 40 60 42
541 V bug grass 0.5 7.3 120 55 63 90 50 80 42
542 V bug grass 1.2 20.5 45 75 103 80 70 80 92
543 V bug poison 0.4 5.3 255 30 45 59 30 39 57
544 V bug poison 1.2 58.5 120 40 55 99 40 79 47
545 V bug poison 2.5 200.5 45 60 100 89 55 69 112
546 V grass fairy 0.3 0.6 190 40 27 60 37 50 66
547 V grass fairy 0.7 6.6 75 60 67 85 77 75 116
548 V grass none 0.5 6.6 190 45 35 50 70 50 30
549 V grass none 1.1 16.3 75 70 60 75 110 75 90
550 V water none 1 18 25 70 92 65 80 55 98
551 V ground dark 0.7 15.2 180 50 72 35 35 35 65
552 V ground dark 1 33.4 90 60 82 45 45 45 74
553 V ground dark 1.5 96.3 45 95 117 80 65 70 92
554 V fire ice 0.6 37.5 120 70 90 45 15 45 50
555 V fire fire 1.3 92.9 60 105 140 55 30 55 95
556 V grass none 1 28 255 75 86 67 106 67 60
557 V bug rock 0.3 14.5 190 50 65 85 35 35 55
558 V bug rock 1.4 200 75 70 105 125 65 75 45
559 V dark fighting 0.6 11.8 180 50 75 70 35 70 48
560 V dark fighting 1.1 30 90 65 90 115 45 115 58
561 V psychic flying 1.4 14 45 72 58 80 103 80 97
562 V ghost ground 0.5 1.5 190 38 30 85 55 65 30
563 V ghost none 1.7 76.5 90 58 50 145 95 105 30
564 V water rock 0.7 16.5 45 54 78 103 53 45 22
565 V water rock 1.2 81 45 74 108 133 83 65 32
566 V rock flying 0.5 9.5 45 55 112 45 74 45 70
567 V rock flying 1.4 32 45 75 140 65 112 65 110
568 V poison none 0.6 31 190 50 50 62 40 62 65
569 V poison none 1.9 107.3 60 80 95 82 60 82 75
570 V dark none 0.7 12.5 75 40 65 40 80 40 65
571 V dark none 1.6 81.1 45 60 105 60 120 60 105
572 V normal none 0.4 5.8 255 55 50 40 40 40 75
573 V normal none 0.5 7.5 60 75 95 60 65 60 115
574 V psychic none 0.4 5.8 200 45 30 50 55 65 45
575 V psychic none 0.7 18 100 60 45 70 75 85 55
576 V psychic none 1.5 44 50 70 55 95 95 110 65
577 V psychic none 0.3 1 200 45 30 40 105 50 20
578 V psychic none 0.6 8 100 65 40 50 125 60 30
579 V psychic none 1 20.1 50 110 65 75 125 85 30
580 V water flying 0.5 5.5 190 62 44 50 44 50 55
581 V water flying 1.3 24.2 45 75 87 63 87 63 98
582 V ice none 0.4 5.7 255 36 50 50 65 60 44
583 V ice none 1.1 41 120 51 65 65 80 75 59
584 V ice none 1.3 57.5 45 71 95 85 110 95 79
585 V normal grass 0.6 19.5 190 60 60 50 40 50 75
586 V normal grass 1.9 92.5 75 80 100 70 60 70 95
587 V electric flying 0.4 5 200 55 75 60 75 60 103
588 V bug none 0.5 5.9 200 50 75 45 40 45 60
589 V bug steel 1 33 75 70 135 105 60 105 20
590 V grass poison 0.2 1 190 69 55 45 55 55 15
591 V grass poison 0.6 10.5 75 114 85 70 85 80 30
592 V water ghost 1.2 33 190 55 40 50 65 85 40
593 V water ghost 2.2 135 60 100 60 70 85 105 60
594 V water none 1.2 31.6 75 165 75 80 40 45 65
595 V bug electric 0.1 0.6 190 50 47 50 57 50 65
596 V bug electric 0.8 14.3 75 70 77 60 97 60 108
597 V grass steel 0.6 18.8 255 44 50 91 24 86 10
598 V grass steel 1 110 90 74 94 131 54 116 20
599 V steel none 0.3 21 130 40 55 70 45 60 30
600 V steel none 0.6 51 60 60 80 95 70 85 50
601 V steel none 0.6 81 30 60 100 115 70 85 90
602 V electric none 0.2 0.3 190 35 55 40 45 40 60
603 V electric none 1.2 22 60 65 85 70 75 70 40
604 V electric none 2.1 80.5 30 85 115 80 105 80 50
605 V psychic none 0.5 9 255 55 55 55 85 55 30
606 V psychic none 1 34.5 90 75 75 75 125 95 40
607 V ghost fire 0.3 3.1 190 50 30 55 65 55 20
608 V ghost fire 0.6 13 90 60 40 60 95 60 55
609 V ghost fire 1 34.3 45 60 55 90 145 90 80
610 V dragon none 0.6 18 75 46 87 60 30 40 57
611 V dragon none 1 36 60 66 117 70 40 50 67
612 V dragon none 1.8 105.5 45 76 147 90 60 70 97
613 V ice none 0.5 8.5 120 55 70 40 60 40 40
614 V ice none 2.6 260 60 95 130 80 70 80 50
615 V ice none 1.1 148 25 80 50 50 95 135 105
616 V bug none 0.4 7.7 200 50 40 85 40 65 25
617 V bug none 0.8 25.3 75 80 70 40 100 60 145
618 V ground electric 0.7 11 75 109 66 84 81 99 32
619 V fighting none 0.9 20 180 45 85 50 55 50 65
620 V fighting none 1.4 35.5 45 65 125 60 95 60 105
621 V dragon none 1.6 139 45 77 120 90 60 90 48
622 V ground ghost 1 92 190 59 74 50 35 50 35
623 V ground ghost 2.8 330 90 89 124 80 55 80 55
624 V dark steel 0.5 10.2 120 45 85 70 40 40 60
625 V dark steel 1.6 70 45 65 125 100 60 70 70
626 V normal none 1.6 94.6 45 95 110 95 40 95 55
627 V normal flying 0.5 10.5 190 70 83 50 37 50 60
628 V normal flying 1.5 41 60 100 123 75 57 75 80
629 V dark flying 0.5 9 190 70 55 75 45 65 60
630 V dark flying 1.2 39.5 60 110 65 105 55 95 80
631 V fire none 1.4 58 90 85 97 66 105 66 65
632 V bug steel 0.3 33 90 58 109 112 48 48 109
633 V dark dragon 0.8 17.3 45 52 65 50 45 50 38
634 V dark dragon 1.4 50 45 72 85 70 65 70 58
635 V dark dragon 1.8 160 45 92 105 90 125 90 98
636 V bug fire 1.1 28.8 45 55 85 55 50 55 60
637 V bug fire 1.6 46 15 85 60 65 135 105 100
638 V steel fighting 2.1 250 3 91 90 129 90 72 108
639 V rock fighting 1.9 260 3 91 129 90 72 90 108
640 V grass fighting 2 200 3 91 90 72 90 129 108
641 V flying none 1.5 63 3 79 115 70 125 80 111
642 V electric flying 1.5 61 3 79 115 70 125 80 111
643 V dragon fire 3.2 330 3 100 120 100 150 120 90
644 V dragon electric 2.9 345 3 100 150 120 120 100 90
645 V ground flying 1.5 68 3 89 125 90 115 80 101
646 V dragon ice 3 325 3 125 130 90 130 90 95
647 V water fighting 1.4 48.5 3 91 72 90 129 90 108
648 V normal psychic 0.6 6.5 3 100 77 77 128 128 90
649 V bug steel 1.5 82.5 3 71 120 95 120 95 99
650 VI grass none 0.4 9 45 56 61 65 48 45 38
651 VI grass none 0.7 29 45 61 78 95 56 58 57
652 VI grass fighting 1.6 90 45 88 107 122 74 75 64
653 VI fire none 0.4 9.4 45 40 45 40 62 60 60
654 VI fire none 1 14.5 45 59 59 58 90 70 73
655 VI fire psychic 1.5 39 45 75 69 72 114 100 104
656 VI water none 0.3 7 45 41 56 40 62 44 71
657 VI water none 0.6 10.9 45 54 63 52 83 56 97
658 VI water dark 1.5 40 45 72 95 67 103 71 122
659 VI normal none 0.4 5 255 38 36 38 32 36 57
660 VI normal ground 1 42.4 127 85 56 77 50 77 78
661 VI normal flying 0.3 1.7 255 45 50 43 40 38 62
662 VI fire flying 0.7 16 120 62 73 55 56 52 84
663 VI fire flying 1.2 24.5 45 78 81 71 74 69 126
664 VI bug none 0.3 2.5 255 38 35 40 27 25 35
665 VI bug none 0.3 8.4 120 45 22 60 27 30 29
666 VI bug flying 1.2 17 45 80 52 50 90 50 89
667 VI fire normal 0.6 13.5 220 62 50 58 73 54 72
668 VI fire normal 1.5 81.5 65 86 68 72 109 66 106
669 VI fairy none 0.1 0.1 225 44 38 39 61 79 42
670 VI fairy none 0.2 0.9 120 54 45 47 75 98 52
671 VI fairy none 1.1 10 45 78 65 68 112 154 75
672 VI grass none 0.9 31 200 66 65 48 62 57 52
673 VI grass none 1.7 91 45 123 100 62 97 81 68
674 VI fighting none 0.6 8 220 67 82 62 46 48 43
675 VI fighting dark 2.1 136 65 95 124 78 69 71 58
676 VI normal none 1.2 28 160 75 80 60 65 90 102
677 VI psychic none 0.3 3.5 190 62 48 54 63 60 68
678 VI psychic none 0.6 8.5 75 74 48 76 83 81 104
679 VI steel ghost 0.8 2 180 45 80 100 35 37 28
680 VI steel ghost 0.8 4.5 90 59 110 150 45 49 35
681 VI steel ghost 1.7 53 45 60 50 140 50 140 60
682 VI fairy none 0.2 0.5 200 78 52 60 63 65 23
683 VI fairy none 0.8 15.5 140 101 72 72 99 89 29
684 VI fairy none 0.4 3.5 200 62 48 66 59 57 49
685 VI fairy none 0.8 5 140 82 80 86 85 75 72
686 VI dark psychic 0.4 3.5 190 53 54 53 37 46 45
687 VI dark psychic 1.5 47 80 86 92 88 68 75 73
688 VI rock water 0.5 31 120 42 52 67 39 56 50
689 VI rock water 1.3 96 45 72 105 115 54 86 68
690 VI poison water 0.5 7.3 225 50 60 60 60 60 30
691 VI poison dragon 1.8 81.5 55 65 75 90 97 123 44
692 VI water none 0.5 8.3 225 50 53 62 58 63 44
693 VI water none 1.3 35.3 55 71 73 88 120 89 59
694 VI electric normal 0.5 6 190 44 38 33 61 43 70
695 VI electric normal 1 21 75 62 55 52 109 94 109
696 VI rock dragon 0.8 26 45 58 89 77 45 45 48
697 VI rock dragon 2.5 270 45 82 121 119 69 59 71
698 VI rock ice 1.3 25.2 45 77 59 50 67 63 46
699 VI rock ice 2.7 225 45 123 77 72 99 92 58
700 VI fairy none 1 23.5 45 95 65 65 110 130 60
701 VI fighting flying 0.8 21.5 100 78 92 75 74 63 118
702 VI electric fairy 0.2 2.2 180 67 58 57 81 67 101
703 VI rock fairy 0.3 5.7 60 50 50 150 50 150 50
704 VI dragon none 0.3 2.8 45 45 50 35 55 75 40
705 VI dragon none 0.8 17.5 45 68 75 53 83 113 60
706 VI dragon none 2 150.5 45 90 100 70 110 150 80
707 VI steel fairy 0.2 3 75 57 80 91 80 87 75
708 VI ghost grass 0.4 7 120 43 70 48 50 60 38
709 VI ghost grass 1.5 71 60 85 110 76 65 82 56
710 VI ghost grass 0.4 5 120 49 66 70 44 55 51
711 VI ghost grass 0.9 12.5 60 65 90 122 58 75 84
712 VI ice none 1 99.5 190 55 69 85 32 35 28
713 VI ice none 2 505 55 95 117 184 44 46 28
714 VI flying dragon 0.5 8 190 40 30 35 45 40 55
715 VI flying dragon 1.5 85 45 85 70 80 97 80 123
716 VI fairy none 3 215 45 126 131 95 131 98 99
717 VI dark flying 5.8 203 45 126 131 95 131 98 99
718 VI dragon ground 5 305 3 108 100 121 81 95 95
719 VI rock fairy 0.7 8.8 3 50 100 150 100 150 50
720 VI psychic ghost 0.5 9 3 80 110 60 150 130 70
721 VI fire water 1.7 195 3 80 110 120 130 90 70
722 VII grass flying 0.3 1.5 45 68 55 55 50 50 42
723 VII grass flying 0.7 16 45 78 75 75 70 70 52
724 VII grass ghost 1.6 36.6 45 78 107 75 100 100 70
725 VII fire none 0.4 4.3 45 45 65 40 60 40 70
726 VII fire none 0.7 25 45 65 85 50 80 50 90
727 VII fire dark 1.8 83 45 95 115 90 80 90 60
728 VII water none 0.4 7.5 45 50 54 54 66 56 40
729 VII water none 0.6 17.5 45 60 69 69 91 81 50
730 VII water fairy 1.8 44 45 80 74 74 126 116 60
731 VII normal flying 0.3 1.2 255 35 75 30 30 30 65
732 VII normal flying 0.6 14.8 120 55 85 50 40 50 75
733 VII normal flying 1.1 26 45 80 120 75 75 75 60
734 VII normal none 0.4 6 255 48 70 30 30 30 45
735 VII normal none 0.7 14.2 127 88 110 60 55 60 45
736 VII bug none 0.4 4.4 255 47 62 45 55 45 46
737 VII bug electric 0.5 10.5 120 57 82 95 55 75 36
738 VII bug electric 1.5 45 45 77 70 90 145 75 43
739 VII fighting none 0.6 7 225 47 82 57 42 47 63
740 VII fighting ice 1.7 180 60 97 132 77 62 67 43
741 VII fire flying 0.6 3.4 45 75 70 70 98 70 93
742 VII bug fairy 0.1 0.2 190 40 45 40 55 40 84
743 VII bug fairy 0.2 0.5 75 60 55 60 95 70 124
744 VII rock none 0.5 9.2 190 45 65 40 30 40 60
745 VII rock none 0.8 25 90 75 115 65 55 65 112
746 VII water none 0.2 0.3 60 45 20 20 25 25 40
747 VII poison water 0.4 8 190 50 53 62 43 52 45
748 VII poison water 0.7 14.5 75 50 63 152 53 142 35
749 VII ground none 1 110 190 70 100 70 45 55 45
750 VII ground none 2.5 920 60 100 125 100 55 85 35
751 VII water bug 0.3 4 200 38 40 52 40 72 27
752 VII water bug 1.8 82 100 68 70 92 50 132 42
753 VII grass none 0.3 1.5 190 40 55 35 50 35 35
754 VII grass none 0.9 18.5 75 70 105 90 80 90 45
755 VII grass fairy 0.2 1.5 190 40 35 55 65 75 15
756 VII grass fairy 1 11.5 75 60 45 80 90 100 30
757 VII poison fire 0.6 4.8 120 48 44 40 71 40 77
758 VII poison fire 1.2 22.2 45 68 64 60 111 60 117
759 VII normal fighting 0.5 6.8 140 70 75 50 45 50 50
760 VII normal fighting 2.1 135 70 120 125 80 55 60 60
761 VII grass none 0.3 3.2 235 42 30 38 30 38 32
762 VII grass none 0.7 8.2 120 52 40 48 40 48 62
763 VII grass none 1.2 21.4 45 72 120 98 50 98 72
764 VII fairy none 0.1 0.3 60 51 52 90 82 110 100
765 VII normal psychic 1.5 76 45 90 60 80 90 110 60
766 VII fighting none 2 82.8 45 100 120 90 40 60 80
767 VII bug water 0.5 12 90 25 35 40 20 30 80
768 VII bug water 2 108 45 75 125 140 60 90 40
769 VII ghost ground 0.5 70 140 55 55 80 70 45 15
770 VII ghost ground 1.3 250 60 85 75 110 100 75 35
771 VII water none 0.3 1.2 60 55 60 130 30 130 5
772 VII normal none 1.9 120.5 3 95 95 95 95 95 59
773 VII normal none 2.3 100.5 3 95 95 95 95 95 95
774 VII rock flying 0.3 40 255 60 60 100 60 100 60
775 VII normal none 0.4 19.9 45 65 115 65 75 95 65
776 VII fire dragon 2 212 70 60 78 135 91 85 36
777 VII electric steel 0.3 3.3 180 65 98 63 40 73 96
778 VII ghost fairy 0.2 0.7 45 55 90 80 50 105 96
779 VII water psychic 0.9 19 80 68 105 70 70 70 92
780 VII normal dragon 3 185 70 78 60 85 135 91 36
781 VII ghost grass 3.9 210 25 70 131 100 86 90 40
782 VII dragon none 0.6 29.7 45 45 55 65 45 45 45
783 VII dragon fighting 1.2 47 45 55 75 90 65 70 65
784 VII dragon fighting 1.6 78.2 45 75 110 125 100 105 85
785 VII electric fairy 1.8 20.5 3 70 115 85 95 75 130
786 VII psychic fairy 1.2 18.6 3 70 85 75 130 115 95
787 VII grass fairy 1.9 45.5 3 70 130 115 85 95 75
788 VII water fairy 1.3 21.2 3 70 75 115 95 130 85
789 VII psychic none 0.2 0.1 45 43 29 31 29 31 37
790 VII psychic none 0.1 999.9 45 43 29 131 29 131 37
791 VII psychic steel 3.4 230 45 137 137 107 113 89 97
792 VII psychic ghost 4 120 45 137 113 89 137 107 97
793 VII rock poison 1.2 55.5 45 109 53 47 127 131 103
794 VII bug fighting 2.4 333.6 45 107 139 139 53 53 79
795 VII bug fighting 1.8 25 45 71 137 37 137 37 151
796 VII electric none 3.8 100 45 83 89 71 173 71 83
797 VII steel flying 9.2 999.9 45 97 101 103 107 101 61
798 VII grass steel 0.3 0.1 45 59 181 131 59 31 109
799 VII dark dragon 5.5 888 45 223 101 53 97 53 43
800 VII psychic psychic 2.4 230 255 97 107 101 127 89 79
801 VII steel fairy 1 80.5 3 80 95 115 130 115 65
802 VII fighting ghost 0.7 22.2 3 90 125 80 90 90 125
803 VII poison none 0.6 1.8 45 67 73 67 73 67 73
804 VII poison dragon 3.6 150 45 73 73 73 127 73 121
805 VII rock steel 5.5 820 30 61 131 211 53 101 13
806 VII fire ghost 1.8 13 30 53 127 53 151 79 107
807 VII electric none 1.5 44.5 3 88 112 75 102 80 143
808 VII steel none 0.2 8 3 46 65 65 55 35 34
809 VII steel none 2.5 800 3 135 143 143 80 65 34
810 VIII grass none 0.3 5 45 50 65 50 40 40 65
811 VIII grass none 0.7 14 45 70 85 70 55 60 80
812 VIII grass none 2.1 90 45 100 125 90 60 70 85
813 VIII fire none 0.3 4.5 45 50 71 40 40 40 69
814 VIII fire none 0.6 9 45 65 86 60 55 60 94
815 VIII fire none 1.4 33 45 80 116 75 65 75 119
816 VIII water none 0.3 4 45 50 40 40 70 40 70
817 VIII water none 0.7 11.5 45 65 60 55 95 55 90
818 VIII water none 1.9 45.2 45 70 85 65 125 65 120
819 VIII normal none 0.3 2.5 255 70 55 55 35 35 25
820 VIII normal none 0.6 6 90 120 95 95 55 75 20
821 VIII flying none 0.2 1.8 255 38 47 35 33 35 57
822 VIII flying none 0.8 16 120 68 67 55 43 55 77
823 VIII flying steel 2.2 75 45 98 87 105 53 85 67
824 VIII bug none 0.4 8 255 25 20 20 25 45 45
825 VIII bug psychic 0.4 19.5 120 50 35 80 50 90 30
826 VIII bug psychic 0.4 40.8 45 60 45 110 80 120 90
827 VIII dark none 0.6 8.9 255 40 28 28 47 52 50
828 VIII dark none 1.2 19.9 127 70 58 58 87 92 90
829 VIII grass none 0.4 2.2 190 40 40 60 40 60 10
830 VIII grass none 0.5 2.5 75 60 50 90 80 120 60
831 VIII normal none 0.6 6 255 42 40 55 40 45 48
832 VIII normal none 1.3 43 127 72 80 100 60 90 88
833 VIII water none 0.3 8.5 255 50 64 50 38 38 44
834 VIII water rock 1 115.5 75 90 115 90 48 68 74
835 VIII electric none 0.3 13.5 255 59 45 50 40 50 26
836 VIII electric none 1 34 45 69 90 60 90 60 121
837 VIII rock none 0.3 12 255 30 40 50 40 50 30
838 VIII rock fire 1.1 78 120 80 60 90 60 70 50
839 VIII rock fire 2.8 310.5 45 110 80 120 80 90 30
840 VIII grass dragon 0.2 0.5 255 40 40 80 40 40 20
841 VIII grass dragon 0.3 1 45 70 110 80 95 60 70
842 VIII grass dragon 0.4 13 45 110 85 80 100 80 30
843 VIII ground none 2.2 7.6 255 52 57 75 35 50 46
844 VIII ground none 3.8 65.5 120 72 107 125 65 70 71
845 VIII flying water 0.8 18 45 70 85 55 85 95 85
846 VIII water none 0.5 1 255 41 63 40 40 30 66
847 VIII water none 1.3 30 60 61 123 60 60 50 136
848 VIII electric poison 0.4 11 75 40 38 35 54 35 40
849 VIII electric poison 1.6 40 45 75 98 70 114 70 75
850 VIII fire bug 0.7 1 190 50 65 45 50 50 45
851 VIII fire bug 3 120 75 100 115 65 90 90 65
852 VIII fighting none 0.6 4 180 50 68 60 50 50 32
853 VIII fighting none 1.6 39 45 80 118 90 70 80 42
854 VIII ghost none 0.1 0.2 120 40 45 45 74 54 50
855 VIII ghost none 0.2 0.4 60 60 65 65 134 114 70
856 VIII psychic none 0.4 3.4 235 42 30 45 56 53 39
857 VIII psychic none 0.6 4.8 120 57 40 65 86 73 49
858 VIII psychic fairy 2.1 5.1 45 57 90 95 136 103 29
859 VIII dark fairy 0.4 5.5 255 45 45 30 55 40 50
860 VIII dark fairy 0.8 12.5 120 65 60 45 75 55 70
861 VIII dark fairy 1.5 61 45 95 120 65 95 75 60
862 VIII dark normal 1.6 46 45 93 90 101 60 81 95
863 VIII steel none 0.8 28 90 70 110 100 50 60 50
864 VIII ghost none 1 0.4 30 60 95 50 145 130 30
865 VIII fighting none 0.8 117 45 62 135 95 68 82 65
866 VIII ice psychic 1.5 58.2 45 80 85 75 110 100 70
867 VIII ground ghost 1.6 66.6 90 58 95 145 50 105 30
868 VIII fairy none 0.2 0.3 200 45 40 40 50 61 34
869 VIII fairy none 0.3 0.5 100 65 60 75 110 121 64
870 VIII fighting none 3 62 45 65 100 100 70 60 75
871 VIII electric none 0.3 1 75 48 101 95 91 85 15
872 VIII ice bug 0.3 3.8 190 30 25 35 45 30 20
873 VIII ice bug 1.3 42 75 70 65 60 125 90 65
874 VIII rock none 2.5 520 60 100 125 135 20 20 70
875 VIII ice none 1.4 89 60 75 80 110 65 90 50
876 VIII psychic normal 0.9 28 30 60 65 55 105 95 95
877 VIII electric dark 0.3 3 180 58 95 58 70 58 97
878 VIII steel none 1.2 100 190 72 80 49 40 49 40
879 VIII steel none 3 650 90 122 130 69 80 69 30
880 VIII electric dragon 1.8 190 45 90 100 90 80 70 75
881 VIII electric ice 2.3 150 45 90 100 90 90 80 55
882 VIII water dragon 2.3 215 45 90 90 100 70 80 75
883 VIII water ice 2 175 45 90 90 100 80 90 55
884 VIII steel dragon 1.8 40 45 70 95 115 120 50 85
885 VIII dragon ghost 0.5 2 45 28 60 30 40 30 82
886 VIII dragon ghost 1.4 11 45 68 80 50 60 50 102
887 VIII dragon ghost 3 50 45 88 120 75 100 75 142
888 VIII fairy fairy 2.8 110 10 92 130 115 80 115 138
889 VIII fighting fighting 2.9 210 10 92 130 115 80 115 138
890 VIII poison dragon 20 950 255 140 85 95 145 95 130
891 VIII fighting none 0.6 12 3 60 90 60 53 50 72
892 VIII fighting dark 1.9 105 3 100 130 100 63 60 97
893 VIII dark grass 1.8 70 3 105 120 105 70 95 105
894 VIII electric none 1.2 145 3 80 100 50 100 50 200
895 VIII dragon none 2.1 200 3 200 100 50 100 50 80
896 VIII ice none 2.2 800 3 100 145 130 65 110 30
897 VIII ghost none 2 44.5 3 100 65 60 145 80 130
898 VIII psychic grass 1.1 7.7 3 100 80 80 80 80 80
